name: pysst_min
channels:
  - conda-forge
dependencies:
  - arrow-cpp=9.0.0=py310hcab4ae6_19_cpu
  - aws-c-auth=0.6.23=ha196094_1
  - aws-c-cal=0.5.20=he1c2654_4
  - aws-c-common=0.8.9=hcfcfb64_0
  - aws-c-compression=0.2.16=h6ac2469_1
  - aws-c-event-stream=0.2.18=h0f94bbc_2
  - aws-c-http=0.7.3=h51f5a2b_1
  - aws-c-io=0.13.14=h8cc9bab_3
  - aws-c-mqtt=0.8.6=h73c741a_1
  - aws-c-s3=0.2.3=h7f24016_3
  - aws-c-sdkutils=0.1.7=h6ac2469_1
  - aws-checksums=0.1.14=h6ac2469_1
  - aws-crt-cpp=0.18.16=h343e5dd_13
  - aws-sdk-cpp=1.10.57=h23ab7d0_2
  - bzip2=1.0.8=h8ffe710_4
  - c-ares=1.18.1=h8ffe710_0
  - ca-certificates=2022.12.7=h5b45459_0
  - certifi=2022.12.7=pyhd8ed1ab_0
  - gflags=2.2.2=ha925a31_1004
  - glog=0.6.0=h4797de2_0
  - intel-openmp=2023.0.0=h57928b3_25922
  - jpeg=9e=h8ffe710_2
  - krb5=1.20.1=heb0366b_0
  - lerc=4.0.0=h63175ca_0
  - libabseil=20220623.0=cxx17_h1a56200_6
  - libblas=3.9.0=16_win64_mkl
  - libbrotlicommon=1.0.9=hcfcfb64_8
  - libbrotlidec=1.0.9=hcfcfb64_8
  - libbrotlienc=1.0.9=hcfcfb64_8
  - libcblas=3.9.0=16_win64_mkl
  - libcrc32c=1.1.2=h0e60522_0
  - libcurl=7.87.0=h68f0423_0
  - libdeflate=1.17=hcfcfb64_0
  - libffi=3.4.2=h8ffe710_5
  - libgoogle-cloud=2.5.0=h5fc25aa_1
  - libgrpc=1.51.1=hb074f84_1
  - libhwloc=2.8.0=h039e092_1
  - libiconv=1.17=h8ffe710_0
  - liblapack=3.9.0=16_win64_mkl
  - libprotobuf=3.21.12=h12be248_0
  - libsqlite=3.40.0=hcfcfb64_0
  - libssh2=1.10.0=h9a1e1f7_3
  - libthrift=0.16.0=h9ce19ad_2
  - libtiff=4.5.0=hf8721a0_2
  - libutf8proc=2.8.0=h82a8f57_0
  - libxml2=2.10.3=hc3477c8_0
  - libxslt=1.1.37=h0192164_0
  - libzlib=1.2.13=hcfcfb64_4
  - lxml=4.9.1=py310hc0e5b84_1
  - lz4-c=1.9.4=hcfcfb64_0
  - mkl=2022.1.0=h6a75c08_874
  - numpy=1.23.3=py310h4a8f9c9_0
  - openssl=3.0.7=hcfcfb64_2
  - pandas=1.4.4=py310h1c4a608_0
  - parquet-cpp=1.5.1=2
  - pip=23.0=pyhd8ed1ab_0
  - proj=9.1.0=heca977f_1
  - pthreads-win32=2.9.1=hfa6e2cd_3
  - pyarrow=9.0.0=py310hd1a9178_19_cpu
  - pyproj=3.4.0=py310h0e9dbc5_2
  - python=3.10.6=hcf16a7b_0_cpython
  - python-dateutil=2.8.2=pyhd8ed1ab_0
  - python_abi=3.10=3_cp310
  - pytz=2022.7.1=pyhd8ed1ab_0
  - re2=2023.02.01=h63175ca_0
  - setuptools=67.1.0=pyhd8ed1ab_0
  - six=1.16.0=pyh6c4a22f_0
  - snappy=1.1.9=hfb803bf_2
  - sqlite=3.40.0=hcfcfb64_0
  - tbb=2021.7.0=h91493d7_1
  - tk=8.6.12=h8ffe710_0
  - tzdata=2022g=h191b570_0
  - ucrt=10.0.22621.0=h57928b3_0
  - vc=14.3=hb6edc58_10
  - vs2015_runtime=14.34.31931=h4c5c07a_10
  - wheel=0.38.4=pyhd8ed1ab_0
  - xz=5.2.6=h8d14728_0
  - zlib=1.2.13=hcfcfb64_4
  - zstd=1.5.2=h12be248_6
